4
50	0.0	80
50	0.2	41
50	0.4	57
50	0.6	27
60	0.0	90
50	0.8	30
60	0.2	25
50	1.0	6
60	0.4	62
60	0.6	27
60	0.8	6
60	1.0	3
70	0.0	80
70	0.2	61
70	0.4	27
70	0.6	23
70	0.8	16
80	0.0	80
70	1.0	5
80	0.2	19
80	0.4	60
80	0.6	29
80	0.8	21
80	1.0	1
90	0.0	90
90	0.2	79
90	0.4	49
90	0.6	45
90	0.8	8
100	0.0	110
90	1.0	3
100	0.2	56
100	0.4	23
100	0.6	5
100	0.8	16
100	1.0	4
110	0.0	60
110	0.2	55
110	0.4	57
110	0.6	31
110	0.8	9
110	1.0	3
120	0.0	70
120	0.2	71
120	0.4	18
120	0.6	25
120	0.8	21
120	1.0	1
130	0.0	70
130	0.2	39
130	0.4	33
130	0.6	30
130	0.8	14
140	0.0	50
130	1.0	3
140	0.2	62
140	0.4	61
140	0.8	28
140	0.6	27
140	1.0	7
150	0.0	30
150	0.2	41
150	0.4	37
150	0.6	45
150	0.8	12
150	1.0	4
