20	0.0	0.04
20	0.2	0.027
20	0.1	0.032
20	0.3	0.029
20	0.4	0.026
20	0.5	0.015
20	0.7	0.005
20	0.6	0.004
28	0.0	0.03
20	0.9	0.003
20	0.8	0.0205
20	1.0	0.0045
28	0.1	0.025
28	0.2	0.0185
28	0.3	0.04
28	0.4	0.013
28	0.5	0.0325
28	0.6	0.0245
28	0.8	0.0075
28	0.7	0.003
36	0.1	0.0335
28	1.0	0.002
28	0.9	0.0055
36	0.0	0.025
36	0.3	0.035
36	0.2	0.0205
36	0.5	0.018
36	0.4	0.0195
36	0.6	0.009
36	0.7	0.0175
36	0.8	0.012
36	0.9	0.0045
44	0.0	0.03
36	1.0	0.002
44	0.1	0.0285
44	0.2	0.0275
44	0.3	0.0315
44	0.4	0.0295
44	0.6	0.0185
44	0.5	0.0125
44	0.7	0.0115
44	0.8	0.0095
44	1.0	0.002
44	0.9	0.006
52	0.0	0.035
52	0.1	0.014
52	0.2	0.0295
52	0.3	0.023
52	0.4	0.042
52	0.5	0.0215
52	0.6	0.028
52	0.7	0.0225
52	0.8	0.009
52	0.9	0.005
60	0.0	0.045
52	1.0	0.0005
60	0.1	0.04
60	0.2	0.0335
60	0.3	0.008
60	0.4	0.0185
60	0.5	0.0205
60	0.6	0.023
60	0.7	0.007
60	0.8	0.0065
60	0.9	0.01
68	0.0	0.05
60	1.0	0.002
68	0.1	0.046
68	0.2	0.0145
68	0.3	0.0295
68	0.4	0.0285
68	0.5	0.0075
68	0.6	0.008
68	0.8	0.0055
68	0.7	0.003
68	0.9	0.006
68	1.0	0.001
76	0.0	0.025
76	0.1	0.074
76	0.2	0.027
76	0.3	0.0165
76	0.4	0.0165
76	0.5	0.029
76	0.6	0.021
76	0.7	0.016
76	0.8	0.006
76	0.9	0.0005
76	1.0	0.0
84	0.0	0.045
84	0.1	0.0295
84	0.2	0.036
84	0.3	0.034
84	0.4	0.0225
84	0.5	0.014
84	0.6	0.028
84	0.7	0.0115
84	0.8	0.0085
84	0.9	0.0025
84	1.0	0.0045
92	0.0	0.02
92	0.1	0.0365
92	0.2	0.029
92	0.4	0.019
92	0.3	0.032
92	0.5	0.0225
92	0.6	0.021
92	0.8	0.0105
92	0.7	0.011
92	0.9	0.007
100	0.0	0.035
92	1.0	0.0025
100	0.1	0.0345
100	0.2	0.0165
100	0.3	0.0035
100	0.4	0.0415
100	0.5	0.03
100	0.6	0.026
100	0.8	0.0105
100	0.7	0.0105
100	0.9	0.0075
100	1.0	0.0025
108	0.0	0.045
108	0.1	0.0225
108	0.2	0.02
108	0.3	0.027
108	0.4	0.021
108	0.5	0.0135
108	0.6	0.007
108	0.9	0.0045
108	0.7	0.0135
108	0.8	0.009
108	1.0	0.0005
116	0.0	0.025
116	0.1	0.0385
116	0.2	0.0255
116	0.3	0.0265
116	0.5	0.0065
116	0.4	0.024
116	0.6	0.005
116	0.7	0.0125
116	0.8	0.003
116	0.9	0.006
124	0.0	0.05
116	1.0	0.003
124	0.1	0.0225
124	0.2	0.0265
124	0.3	0.017
124	0.4	0.0205
124	0.5	0.0315
124	0.6	0.0135
124	0.8	0.0075
124	0.7	0.013
124	1.0	0.002
124	0.9	0.006
132	0.0	0.01
132	0.1	0.0235
132	0.3	0.0185
132	0.2	0.023
132	0.4	0.024
132	0.5	0.0035
132	0.6	0.0095
132	0.7	0.005
132	0.8	0.01
132	0.9	0.007
132	1.0	0.004
140	0.0	0.025
140	0.1	0.0275
140	0.2	0.0285
140	0.3	0.035
140	0.4	0.0155
140	0.6	0.014
140	0.5	0.0085
140	0.7	0.009
140	0.8	0.0125
140	1.0	0.001
140	0.9	0.0045
148	0.0	0.05
148	0.1	0.0195
148	0.3	0.028
148	0.2	0.052
148	0.4	0.02
148	0.5	0.027
148	0.6	0.0215
148	0.7	0.015
148	0.8	0.0125
148	0.9	0.0055
156	0.0	0.05
148	1.0	0.0
156	0.1	0.0355
156	0.2	0.012
156	0.3	0.0175
156	0.4	0.014
156	0.5	0.0315
156	0.6	0.0125
156	0.7	0.016
156	0.8	0.01
156	0.9	0.0025
156	1.0	0.0005
164	0.0	0.025
164	0.1	0.051
164	0.2	0.0355
164	0.3	0.017
164	0.4	0.02
164	0.5	0.018
164	0.6	0.008
164	0.7	0.011
164	0.8	0.0085
164	0.9	0.0075
164	1.0	0.0075
172	0.0	0.045
172	0.1	0.023
172	0.2	0.0255
172	0.4	0.0185
172	0.3	0.029
172	0.5	0.0155
172	0.6	0.0085
172	0.8	0.017
172	0.7	0.012
172	0.9	0.0085
172	1.0	0.0
180	0.0	0.02
180	0.1	0.0435
180	0.2	0.016
180	0.3	0.033
180	0.4	0.021
180	0.5	0.0115
180	0.6	0.021
180	0.7	0.008
180	0.8	0.0125
180	0.9	0.001
180	1.0	0.0045
188	0.0	0.035
188	0.1	0.0375
188	0.2	0.0285
188	0.3	0.0145
188	0.4	0.0215
188	0.5	0.0305
188	0.6	0.0185
188	0.7	0.009
188	1.0	0.0045
188	0.9	0.0055
188	0.8	0.0095
196	0.0	0.04
196	0.1	0.026
196	0.2	0.0235
196	0.3	0.0225
196	0.4	0.035
196	0.5	0.011
196	0.7	0.012
196	0.6	0.0115
196	0.8	0.005
196	0.9	0.007
196	1.0	0.002
204	0.0	0.02
204	0.1	0.044
204	0.3	0.022
204	0.4	0.017
204	0.5	0.034
204	0.6	0.013
204	0.2	0.0215
204	0.7	0.0085
204	0.8	0.009
204	0.9	0.006
204	1.0	0.002
